                   0   0.500000000000000   0.500000000000000
   0.005000000000000   0.490000000000000   0.510000000000000
   0.010000000000000   0.480000000000000   0.520000000000000
   0.015000000000000   0.470000000000000   0.530000000000000
   0.020000000000000   0.460000000000000   0.540000000000000
   0.025000000000000   0.450000000000000   0.550000000000000
   0.030000000000000   0.440000000000000   0.560000000000000
   0.035000000000000   0.430000000000000   0.570000000000000
   0.040000000000000   0.420000000000000   0.580000000000000
   0.045000000000000   0.410000000000000   0.590000000000000
   0.050000000000000   0.400000000000000   0.600000000000000
   0.055000000000000   0.390000000000000   0.610000000000000
   0.060000000000000   0.380000000000000   0.620000000000000
   0.065000000000000   0.370000000000000   0.630000000000000
   0.070000000000000   0.360000000000000   0.640000000000000
   0.075000000000000   0.350000000000000   0.650000000000000
   0.080000000000000   0.340000000000000   0.660000000000000
   0.085000000000000   0.330000000000000   0.670000000000000
   0.090000000000000   0.320000000000000   0.680000000000000
   0.095000000000000   0.310000000000000   0.690000000000000
   0.100000000000000   0.300000000000000   0.700000000000000
   0.105000000000000   0.290000000000000   0.710000000000000
   0.110000000000000   0.280000000000000   0.720000000000000
   0.115000000000000   0.270000000000000   0.730000000000000
   0.120000000000000   0.260000000000000   0.740000000000000
   0.125000000000000   0.250000000000000   0.750000000000000
   0.130000000000000   0.240000000000000   0.760000000000000
   0.135000000000000   0.230000000000000   0.770000000000000
   0.140000000000000   0.220000000000000   0.780000000000000
   0.145000000000000   0.210000000000000   0.790000000000000
   0.150000000000000   0.200000000000000   0.800000000000000
   0.155000000000000   0.190000000000000   0.810000000000000
   0.160000000000000   0.180000000000000   0.820000000000000
   0.165000000000000   0.170000000000000   0.830000000000000
   0.170000000000000   0.160000000000000   0.840000000000000
   0.175000000000000   0.150000000000000   0.850000000000000
   0.180000000000000   0.140000000000000   0.860000000000000
   0.185000000000000   0.130000000000000   0.870000000000000
   0.190000000000000   0.120000000000000   0.880000000000000
   0.195000000000000   0.110000000000000   0.890000000000000
   0.200000000000000   0.119444444444444   0.880555555555556
   0.205000000000000   0.134444444444444   0.865555555555556
   0.210000000000000   0.149444444444444   0.850555555555556
   0.215000000000000   0.164444444444444   0.835555555555556
   0.220000000000000   0.179444444444444   0.820555555555556
   0.225000000000000   0.194444444444444   0.805555555555556
   0.230000000000000   0.209444444444444   0.790555555555556
   0.235000000000000   0.224444444444444   0.775555555555556
   0.240000000000000   0.239444444444444   0.760555555555556
   0.245000000000000   0.254444444444444   0.745555555555556
   0.250000000000000   0.269444444444444   0.730555555555556
   0.255000000000000   0.284444444444444   0.715555555555556
   0.260000000000000   0.299444444444444   0.700555555555556
   0.265000000000000   0.314444444444444   0.685555555555556
   0.270000000000000   0.329444444444444   0.670555555555556
   0.275000000000000   0.344444444444444   0.655555555555556
   0.280000000000000   0.359444444444444   0.640555555555556
   0.285000000000000   0.374444444444444   0.625555555555556
   0.290000000000000   0.389444444444444   0.610555555555556
   0.295000000000000   0.404444444444444   0.595555555555556
   0.300000000000000   0.419444444444444   0.580555555555556
   0.305000000000000   0.434444444444444   0.565555555555556
   0.310000000000000   0.449444444444444   0.550555555555556
   0.315000000000000   0.464444444444444   0.535555555555556
   0.320000000000000   0.479444444444444   0.520555555555556
   0.325000000000000   0.494444444444444   0.505555555555556
   0.330000000000000   0.509444444444444   0.490555555555556
   0.335000000000000   0.524444444444444   0.475555555555556
   0.340000000000000   0.539444444444444   0.460555555555556
   0.345000000000000   0.554444444444444   0.445555555555556
   0.350000000000000   0.569444444444444   0.430555555555556
   0.355000000000000   0.584444444444444   0.415555555555556
   0.360000000000000   0.599444444444444   0.400555555555556
   0.365000000000000   0.614444444444444   0.385555555555556
   0.370000000000000   0.629444444444444   0.370555555555556
   0.375000000000000   0.644444444444444   0.355555555555556
   0.380000000000000   0.659444444444444   0.340555555555556
   0.385000000000000   0.674444444444444   0.325555555555556
   0.390000000000000   0.689444444444444   0.310555555555556
   0.395000000000000   0.704444444444444   0.295555555555556
   0.400000000000000   0.719444444444444   0.280555555555556
   0.405000000000000   0.734444444444444   0.265555555555556
   0.410000000000000   0.749444444444444   0.250555555555556
   0.415000000000000   0.764444444444444   0.235555555555556
   0.420000000000000   0.779444444444444   0.220555555555556
   0.425000000000000   0.794444444444444   0.205555555555556
   0.430000000000000   0.809444444444444   0.190555555555556
   0.435000000000000   0.824444444444444   0.175555555555556
   0.440000000000000   0.839444444444444   0.160555555555556
   0.445000000000000   0.854444444444444   0.145555555555556
   0.450000000000000   0.844444444444444   0.155555555555556
   0.455000000000000   0.834444444444444   0.165555555555556
   0.460000000000000   0.824444444444444   0.175555555555556
   0.465000000000000   0.814444444444444   0.185555555555556
   0.470000000000000   0.804444444444444   0.195555555555556
   0.475000000000000   0.794444444444444   0.205555555555556
   0.480000000000000   0.784444444444444   0.215555555555556
   0.485000000000000   0.774444444444444   0.225555555555556
   0.490000000000000   0.764444444444444   0.235555555555556
   0.495000000000000   0.754444444444444   0.245555555555556
   0.500000000000000   0.744444444444444   0.255555555555556
   0.505000000000000   0.734444444444444   0.265555555555556
   0.510000000000000   0.724444444444444   0.275555555555556
   0.515000000000000   0.714444444444444   0.285555555555556
   0.520000000000000   0.704444444444444   0.295555555555556
   0.525000000000000   0.694444444444444   0.305555555555556
   0.530000000000000   0.684444444444444   0.315555555555556
   0.535000000000000   0.674444444444444   0.325555555555556
   0.540000000000000   0.664444444444444   0.335555555555556
   0.545000000000000   0.654444444444444   0.345555555555556
   0.550000000000000   0.644444444444444   0.355555555555556
   0.555000000000000   0.634444444444444   0.365555555555556
   0.560000000000000   0.624444444444444   0.375555555555556
   0.565000000000000   0.614444444444444   0.385555555555556
   0.570000000000000   0.604444444444444   0.395555555555556
   0.575000000000000   0.594444444444444   0.405555555555556
   0.580000000000000   0.584444444444444   0.415555555555556
   0.585000000000000   0.574444444444444   0.425555555555556
   0.590000000000000   0.564444444444444   0.435555555555556
   0.595000000000000   0.554444444444444   0.445555555555556
   0.600000000000000   0.544444444444444   0.455555555555556
   0.605000000000000   0.534444444444444   0.465555555555556
   0.610000000000000   0.524444444444444   0.475555555555556
   0.615000000000000   0.514444444444444   0.485555555555556
   0.620000000000000   0.504444444444444   0.495555555555556
   0.625000000000000   0.494444444444444   0.505555555555556
   0.630000000000000   0.484444444444444   0.515555555555556
   0.635000000000000   0.474444444444444   0.525555555555556
   0.640000000000000   0.464444444444444   0.535555555555556
   0.645000000000000   0.454444444444444   0.545555555555556
   0.650000000000000   0.444444444444444   0.555555555555556
   0.655000000000000   0.434444444444444   0.565555555555556
   0.660000000000000   0.424444444444444   0.575555555555556
   0.665000000000000   0.414444444444444   0.585555555555556
   0.670000000000000   0.404444444444444   0.595555555555556
   0.675000000000000   0.394444444444444   0.605555555555556
   0.680000000000000   0.384444444444444   0.615555555555556
   0.685000000000000   0.374444444444444   0.625555555555556
   0.690000000000000   0.364444444444444   0.635555555555556
   0.695000000000000   0.354444444444444   0.645555555555556
   0.700000000000000   0.344444444444444   0.655555555555556
   0.705000000000000   0.334444444444444   0.665555555555556
   0.710000000000000   0.324444444444444   0.675555555555556
   0.715000000000000   0.314444444444444   0.685555555555556
   0.720000000000000   0.304444444444444   0.695555555555556
   0.725000000000000   0.294444444444444   0.705555555555556
   0.730000000000000   0.284444444444444   0.715555555555556
   0.735000000000000   0.274444444444444   0.725555555555556
   0.740000000000000   0.264444444444444   0.735555555555556
   0.745000000000000   0.254444444444444   0.745555555555556
   0.750000000000000   0.244444444444444   0.755555555555556
   0.755000000000000   0.234444444444444   0.765555555555556
   0.760000000000000   0.224444444444444   0.775555555555556
   0.765000000000000   0.214444444444444   0.785555555555556
   0.770000000000000   0.204444444444444   0.795555555555556
   0.775000000000000   0.194444444444444   0.805555555555556
   0.780000000000000   0.184444444444444   0.815555555555556
   0.785000000000000   0.174444444444444   0.825555555555556
   0.790000000000000   0.164444444444444   0.835555555555556
   0.795000000000000   0.154444444444444   0.845555555555556
   0.800000000000000   0.144444444444444   0.855555555555556
   0.805000000000000   0.134444444444444   0.865555555555556
   0.810000000000000   0.124444444444444   0.875555555555556
   0.815000000000000   0.114444444444444   0.885555555555556
   0.820000000000000   0.104444444444444   0.895555555555556
   0.825000000000000   0.113888888888889   0.886111111111111
   0.830000000000000   0.128888888888889   0.871111111111111
   0.835000000000000   0.143888888888889   0.856111111111111
   0.840000000000000   0.158888888888889   0.841111111111111
   0.845000000000000   0.173888888888889   0.826111111111111
   0.850000000000000   0.188888888888889   0.811111111111111
   0.855000000000000   0.203888888888889   0.796111111111111
   0.860000000000000   0.218888888888889   0.781111111111111
   0.865000000000000   0.233888888888889   0.766111111111111
   0.870000000000000   0.248888888888889   0.751111111111111
   0.875000000000000   0.263888888888889   0.736111111111111
   0.880000000000000   0.278888888888889   0.721111111111111
   0.885000000000000   0.293888888888889   0.706111111111111
   0.890000000000000   0.308888888888889   0.691111111111111
   0.895000000000000   0.323888888888889   0.676111111111111
   0.900000000000000   0.338888888888889   0.661111111111111
   0.905000000000000   0.353888888888889   0.646111111111111
   0.910000000000000   0.368888888888889   0.631111111111111
   0.915000000000000   0.383888888888889   0.616111111111111
   0.920000000000000   0.398888888888889   0.601111111111111
   0.925000000000000   0.413888888888889   0.586111111111111
   0.930000000000000   0.428888888888889   0.571111111111111
   0.935000000000000   0.443888888888889   0.556111111111111
   0.940000000000000   0.458888888888889   0.541111111111111
   0.945000000000000   0.473888888888889   0.526111111111111
   0.950000000000000   0.488888888888889   0.511111111111111
   0.955000000000000   0.503888888888889   0.496111111111111
   0.960000000000000   0.518888888888889   0.481111111111111
   0.965000000000000   0.533888888888889   0.466111111111111
   0.970000000000000   0.548888888888889   0.451111111111111
   0.975000000000000   0.563888888888889   0.436111111111111
   0.980000000000000   0.578888888888889   0.421111111111111
   0.985000000000000   0.593888888888889   0.406111111111111
   0.990000000000000   0.608888888888889   0.391111111111111
   0.995000000000000   0.623888888888889   0.376111111111111
   1.000000000000000   0.638888888888889   0.361111111111111